# T(K) F_LW(W m-2) F_atm(W m-2)
200.0 60.030273 -560.4391
250.0 81.47199 -543.2295
300.0 115.38662 -510.28897
350.0 173.18324 -453.20544
400.0 269.778 -357.0425
450.0 420.07874 -207.19888
500.0 628.01855 0.3944702
550.0 913.04016 285.18176
600.0 1304.3259 676.30035
650.0 1834.1495 1205.9949
700.0 2528.9773 1900.7268
750.0 3410.6797 2782.3608
800.0 4504.5186 3876.1516
850.0 5833.2114 5204.8184
900.0 7413.6436 6785.2456
950.0 9287.793 8659.403
1000.0 11469.941 10841.57
1050.0 13998.316 13369.667
1100.0 16792.816 16163.576
1150.0 19807.1 19177.22
1200.0 23087.865 22457.389
1250.0 26675.588 26044.564
1300.0 30631.463 30000.066
1350.0 35045.68 34414.117
1400.0 40027.76 39396.16
1450.0 45711.348 45079.797
1500.0 52264.52 51633.09
1550.0 59865.492 59234.215
1600.0 68676.54 68045.414
1650.0 78908.25 78277.29
1700.0 90689.1 90058.32
1750.0 104681.57 104050.97
1800.0 121023.914 120393.17
1850.0 139335.36 138703.9
1900.0 159112.81 158480.52
1950.0 181558.31 180925.19
2000.0 205732.44 205098.56
2050.0 231548.53 230914.16
2100.0 260906.17 260271.53
2150.0 292949.34 292314.6
2200.0 327662.9 327028.12
2250.0 368050.53 367415.8
2300.0 411482.1 410847.53
2350.0 460980.1 460345.72
2400.0 515897.12 515262.97
2450.0 576158.6 575524.75
2500.0 644606.5 643972.8
2550.0 717377.0 716743.56
2600.0 801652.2 801018.94
2650.0 889487.3 888854.3
2700.0 991530.7 990897.94
2750.0 1097060.0 1096427.4
2800.0 1219312.9 1218680.5
2850.0 1345577.8 1344945.5
2900.0 1488843.8 1488211.6
2950.0 1638015.6 1637383.6
3000.0 1802734.6 1802102.6
