# T(K) F_LW(W m-2) F_atm(W m-2)
200.0 10.363914 -91.58982
250.0 16.828966 -85.16185
300.0 19.009972 -82.994095
350.0 26.25806 -75.747055
400.0 39.19495 -62.810112
450.0 60.750202 -41.25425
500.0 92.749565 -9.253845
550.0 139.15886 37.15677
600.0 203.60846 101.60802
650.0 289.41937 187.42087
700.0 399.2367 297.24026
750.0 535.8174 433.82336
800.0 701.2295 599.23834
850.0 896.33325 794.3452
900.0 1121.0242 1019.0392
950.0 1379.3907 1277.4092
1000.0 1673.9528 1571.9751
1050.0 2007.3246 1905.3442
1100.0 2384.6748 2282.6863
1150.0 2808.4763 2706.4817
1200.0 3284.5352 3182.5364
1250.0 3826.6965 3724.695
1300.0 4456.36 4354.3574
1350.0 5200.204 5098.202
1400.0 6129.025 6027.0244
1450.0 7263.0835 7161.085
1500.0 8639.689 8537.693
1550.0 10384.375 10282.383
1600.0 12491.352 12389.363
1650.0 15066.935 14964.949
1700.0 18174.016 18072.035
1750.0 22095.889 21993.912
1800.0 26816.725 26714.748
1850.0 32488.65 32386.668
1900.0 39077.6 38975.61
1950.0 47341.035 47239.04
2000.0 56970.746 56868.746
2050.0 67928.14 67826.15
2100.0 81241.15 81139.16
2150.0 96579.055 96477.06
2200.0 113517.84 113415.85
2250.0 134352.17 134250.17
2300.0 156854.62 156752.62
2350.0 183345.33 183243.34
2400.0 213238.95 213136.97
2450.0 246147.06 246045.1
2500.0 284648.0 284546.03
2550.0 325380.6 325278.62
2600.0 374230.7 374128.72
2650.0 424837.72 424735.75
2700.0 486015.62 485913.7
2750.0 549103.75 549001.8
2800.0 624911.6 624809.7
2850.0 703085.44 702983.5
2900.0 794552.25 794450.3
2950.0 889829.56 889727.6
3000.0 997212.75 997110.8
