# T(K) F_LW(W m-2) F_atm(W m-2)
200.0 80.046585 -533.54724
250.0 196.35558 -417.29938
300.0 405.40582 -208.4195
350.0 739.7489 125.79822
400.0 1235.2415 621.2227
450.0 1929.9219 1315.7642
500.0 2860.3616 2246.082
550.0 4088.452 3474.1003
600.0 5664.89 5050.4927
650.0 7680.153 7065.698
700.0 10180.406 9565.889
750.0 13243.953 12629.386
800.0 17007.11 16392.504
850.0 21544.236 20929.6
900.0 26871.129 26256.463
950.0 33277.91 32663.22
1000.0 40711.242 40096.53
1050.0 49390.434 48775.695
1100.0 59447.465 58832.684
1150.0 70992.836 70378.016
1200.0 84123.95 83509.09
1250.0 98967.79 98352.89
1300.0 115816.086 115201.164
1350.0 134798.1 134183.16
1400.0 156064.22 155449.27
1450.0 180026.14 179411.19
1500.0 206593.25 205978.28
1550.0 236071.3 235456.33
1600.0 268718.56 268103.56
1650.0 304616.6 304001.6
1700.0 343746.53 343131.53
1750.0 387519.34 386904.34
1800.0 435221.9 434606.88
1850.0 486883.4 486268.3
1900.0 542386.2 541771.06
1950.0 604387.8 603772.6
2000.0 671097.06 670481.9
2050.0 741835.6 741220.4
2100.0 819514.56 818899.3
2150.0 903036.44 902421.2
2200.0 991434.3 990819.06
2250.0 1089271.8 1088656.4
2300.0 1191270.6 1190655.2
2350.0 1303085.5 1302470.1
2400.0 1422454.4 1421839.0
2450.0 1548966.2 1548350.9
2500.0 1685630.6 1685015.2
2550.0 1826420.5 1825805.2
2600.0 1983148.8 1982533.5
2650.0 2142839.0 2142223.8
2700.0 2320612.0 2319996.8
2750.0 2500562.5 2499947.2
2800.0 2703761.2 2703146.0
2850.0 2908284.0 2907668.8
2900.0 3131499.8 3130884.5
2950.0 3359343.2 3358728.0
3000.0 3602475.8 3601860.5
