# T(K) F_LW(W m-2) F_atm(W m-2)
200.0 59.80284 -39.330368
250.0 109.26161 10.103584
300.0 197.06458 97.80058
350.0 341.5148 242.15619
400.0 583.73865 484.31555
450.0 965.16064 865.65497
500.0 1507.4757 1407.8915
550.0 2239.0964 2139.4531
600.0 3187.1594 3087.4722
650.0 4395.4307 4295.7056
700.0 5880.8037 5781.045
750.0 7668.452 7568.6655
800.0 9812.523 9712.715
850.0 12341.983 12242.156
900.0 15274.869 15175.029
950.0 18727.385 18627.535
1000.0 22695.373 22595.516
1050.0 27300.707 27200.799
1100.0 32409.836 32309.84
1150.0 37930.617 37830.535
1200.0 43922.277 43822.125
1250.0 50415.17 50314.957
1300.0 57555.574 57455.316
1350.0 65499.01 65398.734
1400.0 74438.4 74338.12
1450.0 84621.14 84520.86
1500.0 96179.664 96079.4
1550.0 109382.88 109282.625
1600.0 124460.33 124360.086
1650.0 141580.0 141479.77
1700.0 160884.34 160784.12
1750.0 183185.22 183085.02
1800.0 208806.61 208706.39
1850.0 237274.58 237174.28
1900.0 267450.8 267350.4
1950.0 300864.44 300763.94
2000.0 336556.94 336456.38
2050.0 374066.84 373966.22
2100.0 416039.03 415938.38
2150.0 461446.03 461345.34
2200.0 510572.72 510472.03
2250.0 566582.5 566481.9
2300.0 626519.56 626418.94
2350.0 693904.1 693803.5
2400.0 767735.7 767635.1
2450.0 848242.0 848141.44
2500.0 938278.1 938177.6
2550.0 1032860.25 1032759.75
2600.0 1140965.5 1140865.0
2650.0 1253134.4 1253033.9
2700.0 1381235.4 1381134.9
2750.0 1512739.9 1512639.4
2800.0 1662804.6 1662704.1
2850.0 1817310.9 1817210.4
2900.0 1989941.9 1989841.5
2950.0 2168574.5 2168474.0
3000.0 2363250.5 2363150.0
