# T(K) F_LW(W m-2) F_atm(W m-2)
200.0 80.82009 -532.2619
250.0 197.65033 -415.4878
300.0 408.05563 -205.21762
350.0 746.2878 132.9325
400.0 1249.8005 636.3952
450.0 1958.446 1344.9402
500.0 2908.3433 2294.745
550.0 4163.9746 3550.3123
600.0 5778.386 5164.6763
650.0 7846.7207 7232.952
700.0 10416.491 9802.659
750.0 13564.687 12950.806
800.0 17431.838 16817.92
850.0 22093.87 21479.918
900.0 27570.139 26956.156
950.0 34153.53 33539.523
1000.0 41792.855 41178.824
1050.0 50708.445 50094.383
1100.0 61039.555 60425.453
1150.0 72901.06 72286.914
1200.0 86399.82 85785.625
1250.0 101667.83 101053.59
1300.0 119007.6 118393.336
1350.0 138553.1 137938.81
1400.0 160462.06 159847.77
1450.0 185162.8 184548.5
1500.0 212568.6 211954.3
1550.0 243083.14 242468.83
1600.0 276828.38 276214.06
1650.0 313958.8 313344.5
1700.0 354457.94 353843.62
1750.0 399782.25 399167.94
1800.0 449205.47 448591.12
1850.0 502753.62 502139.2
1900.0 560333.3 559718.8
1950.0 624801.7 624187.06
2000.0 694094.94 693480.2
2050.0 767375.4 766760.56
2100.0 847848.3 847233.5
2150.0 934432.0 933817.2
2200.0 1026002.75 1025387.9
2250.0 1127026.0 1126411.1
2300.0 1232493.1 1231878.2
2350.0 1348074.4 1347459.5
2400.0 1471514.5 1470899.6
2450.0 1602294.6 1601679.8
2500.0 1743504.8 1742889.9
2550.0 1889048.1 1888433.2
2600.0 2050831.1 2050216.2
2650.0 2215848.2 2215233.5
2700.0 2399016.0 2398401.2
2750.0 2584772.8 2584158.0
2800.0 2792433.8 2791819.0
2850.0 3003174.2 3002559.5
2900.0 3232790.5 3232175.8
2950.0 3467605.2 3466990.5
3000.0 3719731.2 3719116.5
