# T(K) F_LW(W m-2) F_atm(W m-2)
200.0 42.079758 -594.1363
250.0 116.3872 -519.79315
300.0 236.2666 -399.90604
350.0 390.90326 -245.16138
400.0 583.8679 -52.050842
450.0 820.5027 184.71643
500.0 1094.9628 459.28607
550.0 1414.9734 779.39545
600.0 1790.7382 1155.2524
650.0 2243.2832 1607.876
700.0 2781.433 2146.09
750.0 3400.58 2765.2942
800.0 4167.2534 3532.0217
850.0 5040.684 4405.501
900.0 6065.0854 5429.9443
950.0 7223.6587 6588.5566
1000.0 8639.506 8004.444
1050.0 10309.686 9674.622
1100.0 12196.813 11561.699
1150.0 14439.069 13803.891
1200.0 17019.688 16384.441
1250.0 20024.455 19389.14
1300.0 23443.16 22807.803
1350.0 27309.918 26674.553
1400.0 31671.219 31035.865
1450.0 36585.54 35950.215
1500.0 42117.883 41482.594
1550.0 48375.664 47740.414
1600.0 55476.43 54841.215
1650.0 63552.707 62917.527
1700.0 72757.625 72122.48
1750.0 83510.44 82875.32
1800.0 95926.23 95291.125
1850.0 110112.055 109476.93
1900.0 125903.47 125268.31
1950.0 144681.08 144045.88
2000.0 165829.5 165194.25
2050.0 189177.61 188542.33
2100.0 216134.92 215499.62
2150.0 245772.1 245136.8
2200.0 278476.25 277840.97
2250.0 314138.38 313503.1
2300.0 354784.78 354149.56
2350.0 400719.53 400084.34
2400.0 451386.38 450751.22
2450.0 506700.44 506065.3
2500.0 569311.8 568676.75
2550.0 636033.06 635398.06
2600.0 713172.0 712537.0
2650.0 794280.25 793645.3
2700.0 888744.06 888109.2
2750.0 987635.2 987000.3
2800.0 1102413.9 1101778.9
2850.0 1222064.6 1221429.6
2900.0 1357809.1 1357174.1
2950.0 1499910.0 1499275.0
3000.0 1657065.9 1656430.9
