# T(K) F_LW(W m-2) F_atm(W m-2)
200.0 5.669808 -640.5887
250.0 5.670819 -639.90686
300.0 5.6824846 -640.24023
350.0 5.8156734 -640.31915
400.0 6.4852448 -639.6354
450.0 8.295242 -637.99457
500.0 12.016524 -634.5436
550.0 18.630875 -628.1357
600.0 29.75803 -617.1532
650.0 47.25358 -599.8029
700.0 73.244125 -573.9562
750.0 109.939926 -537.3808
800.0 159.86215 -487.5582
850.0 225.97629 -421.54312
900.0 309.94897 -337.6773
950.0 416.47913 -231.24887
1000.0 547.14716 -100.67578
1050.0 707.3705 59.4187
1100.0 900.8868 252.75842
1150.0 1131.3057 482.9837
1200.0 1404.9387 756.4294
1250.0 1728.956 1080.2727
1300.0 2109.944 1461.1025
1350.0 2556.8062 1907.8228
1400.0 3081.5112 2432.401
1450.0 3699.3308 3050.1067
1500.0 4429.599 3780.2732
1550.0 5295.7983 4646.381
1600.0 6326.1113 5676.6113
1650.0 7551.974 6902.3994
1700.0 9004.439 8354.797
1750.0 10763.157 10113.453
1800.0 12888.679 12238.918
1850.0 15546.668 14896.855
1900.0 18568.35 17918.488
1950.0 22307.88 21657.977
2000.0 26725.496 26075.55
2050.0 31924.994 31274.996
2100.0 38358.227 37708.152
2150.0 45832.48 45182.3
2200.0 54407.56 53757.266
2250.0 65142.695 64492.29
2300.0 77100.78 76450.25
2350.0 91202.56 90551.91
2400.0 107646.45 106995.68
2450.0 126396.51 125745.62
2500.0 148261.4 147610.4
2550.0 172432.81 171781.7
2600.0 201529.98 200878.78
2650.0 232518.27 231866.95
2700.0 269535.06 268883.66
2750.0 308688.97 308037.47
2800.0 355485.62 354834.03
2850.0 404670.78 404019.1
2900.0 462523.25 461871.5
2950.0 523828.8 523176.97
3000.0 594031.75 593379.9
