# T(K) F_LW(W m-2) F_atm(W m-2)
200 81.7974 -16.057076
250 202.62901 104.54045
300 282.42877 180.49371
350 282.60736 177.10904
400 282.5879 175.65231
450 282.68326 175.11353
500 282.50974 174.71255
550 282.50717 174.59381
600 282.5128 174.56314
650 282.50644 174.5568
700 282.46405 174.51468
750 282.54468 174.59595
800 282.4633 174.5155
850 282.54962 174.60312
900 282.52673 174.58185
950 282.4908 174.54785
1000 282.50305 174.56229
1050 282.62372 174.68018
1100 282.61954 174.6666
1150 282.7024 174.74231
1200 282.5452 174.58157
1250 282.54752 174.58255
1300 282.58386 174.6185
1350 282.598 174.63254
1400 282.65414 174.68866
1450 282.5441 174.57861
1500 282.54346 174.57797
1550 282.63297 174.66751
1600 282.76578 174.80038
1650 282.7197 174.75436
1700 282.91434 174.9491
1750 283.45685 175.49176
1800 284.2755 176.31061
1850 286.1195 178.15466
1900 290.0912 182.12631
1950 299.23944 191.27448
2000 317.37704 209.41196
2050 349.30872 241.3435
2100 398.95865 290.9934
2150 470.22748 362.26227
2200 563.7874 455.82227
2250 688.83856 580.87354
2300 842.97577 735.0109
2350 1035.1244 927.1599
2400 1267.6072 1159.6432
2450 1549.3751 1441.4117
2500 1909.7657 1801.8033
2550 2332.695 2224.734
2600 2872.2651 2764.3054
2650 3481.3918 3373.434
2700 4298.2354 4190.2803
2750 5200.786 5092.8325
2800 6371.8057 6263.852
2850 7653.842 7545.8877
2900 9274.46 9166.504
2950 10992.81 10884.852
3000 13814.35 13706.391
