# T(K) F_LW(W m-2) F_atm(W m-2)
200.0 6.080471 -623.4923
250.0 9.18932 -619.4143
300.0 19.886665 -608.8051
350.0 47.879284 -581.2806
400.0 109.71587 -519.8066
450.0 226.54141 -403.47565
500.0 412.09418 -218.43338
550.0 680.7991 49.873535
600.0 1050.3378 419.10797
650.0 1537.1582 905.62616
700.0 2154.045 1522.2144
750.0 2914.9233 2282.8462
800.0 3837.7153 3205.443
850.0 4944.422 4311.9614
900.0 6256.2817 5623.635
950.0 7804.692 7171.8833
1000.0 9688.73 9055.788
1050.0 11844.519 11211.423
1100.0 14358.19 13724.911
1150.0 17301.217 16667.775
1200.0 20656.836 20023.258
1250.0 24644.082 24010.39
1300.0 29200.668 28566.88
1350.0 34629.598 33995.73
1400.0 40778.383 40144.45
1450.0 48220.906 47586.91
1500.0 56655.91 56021.863
1550.0 66479.75 65845.66
1600.0 77897.3 77263.16
1650.0 91732.516 91098.34
1700.0 106919.51 106285.3
1750.0 124711.59 124077.36
1800.0 145203.56 144569.31
1850.0 168521.42 167887.14
1900.0 193488.5 192854.19
1950.0 223866.81 223232.48
2000.0 258037.92 257403.58
2050.0 295824.62 295190.25
2100.0 338875.03 338240.6
2150.0 386743.53 386109.06
2200.0 438964.88 438330.34
2250.0 498801.4 498166.8
2300.0 563097.1 562462.5
2350.0 634839.7 634205.0
2400.0 710700.2 710065.44
2450.0 795400.1 794765.3
2500.0 889398.94 888764.06
2550.0 988736.4 988101.5
2600.0 1100510.1 1099875.1
2650.0 1216708.1 1216073.0
2700.0 1344059.6 1343424.5
2750.0 1478894.9 1478259.8
2800.0 1630662.4 1630027.1
2850.0 1787090.9 1786455.6
2900.0 1960824.8 1960189.5
2950.0 2141357.2 2140722.0
3000.0 2337799.8 2337164.2
