# T(K) F_LW(W m-2) F_atm(W m-2)
200.0 5.6697884 -649.3472
250.0 5.6697884 -649.34705
300.0 5.6697884 -649.3348
350.0 5.6697884 -649.2688
400.0 5.66979 -648.95996
450.0 5.669835 -648.1896
500.0 5.6700983 -647.50146
550.0 5.670831 -647.09485
600.0 5.6728454 -646.9191
650.0 5.6790648 -646.9916
700.0 5.69825 -647.2163
750.0 5.75432 -647.4104
800.0 5.886783 -647.4942
850.0 6.139244 -647.6193
900.0 6.5752482 -647.75275
950.0 7.2515717 -647.6692
1000.0 8.2368765 -647.215
1050.0 9.622349 -646.4938
1100.0 11.528162 -645.3766
1150.0 14.109169 -643.5382
1200.0 17.577253 -640.7247
1250.0 22.2386 -636.62946
1300.0 28.524132 -630.8317
1350.0 37.06248 -622.7146
1400.0 48.73376 -611.40894
1450.0 64.79668 -595.6663
1500.0 86.9789 -573.76416
1550.0 117.55194 -543.4373
1600.0 159.63968 -501.56714
1650.0 217.08516 -444.31525
1700.0 294.3835 -367.1897
1750.0 404.82986 -256.89813
1800.0 556.02594 -105.84137
1850.0 755.0751 93.08185
1900.0 1009.6461 347.53876
1950.0 1376.9941 714.7829
2000.0 1847.4789 1185.1729
2050.0 2420.971 1758.4907
2100.0 3208.5762 2545.6477
2150.0 4133.695 3470.348
2200.0 5195.8877 4532.1895
2250.0 6561.741 5897.758
2300.0 8074.293 7410.112
2350.0 9924.877 9260.542
2400.0 12099.205 11434.767
2450.0 14581.962 13917.446
2500.0 17685.736 17021.168
2550.0 21032.596 20367.986
2600.0 25398.176 24733.54
2650.0 29935.057 29270.4
2700.0 35953.184 35288.51
2750.0 42115.176 41450.496
2800.0 50228.91 49564.22
2850.0 58599.145 57934.45
2900.0 69266.266 68601.56
2950.0 80600.85 79936.14
3000.0 94208.46 93543.75
