# T(K) F_LW(W m-2) F_atm(W m-2)
200.0 81.8224 -529.76953
250.0 202.65897 -410.3947
300.0 282.4614 -354.63278
350.0 282.63565 -376.72894
400.0 282.84344 -380.5918
450.0 282.65884 -380.81424
500.0 282.66162 -380.88702
550.0 282.6887 -380.90027
600.0 282.9288 -380.67224
650.0 286.4216 -377.17365
700.0 308.45447 -355.124
750.0 382.73727 -280.8143
800.0 529.3231 -134.19495
850.0 756.3254 92.85132
900.0 1068.6644 405.24542
950.0 1480.2854 816.93024
1000.0 2001.1392 1337.8557
1050.0 2631.8 1968.0332
1100.0 3363.8806 2698.9583
1150.0 4194.412 3528.222
1200.0 5120.753 4453.4346
1250.0 6145.247 5477.0005
1300.0 7276.964 6608.128
1350.0 8522.951 7853.8325
1400.0 10420.624 9751.396
1450.0 11956.444 11287.223
1500.0 13659.152 12990.0205
1550.0 15529.178 14860.186
1600.0 17460.408 16791.568
1650.0 19688.734 19020.062
1700.0 22098.107 21429.623
1750.0 24569.854 23901.57
1800.0 27403.234 26735.098
1850.0 30306.178 29638.027
1900.0 33426.977 32758.705
1950.0 36801.094 36132.625
2000.0 40449.566 39780.848
2050.0 44325.867 43656.96
2100.0 48554.586 47885.61
2150.0 53159.5 52490.54
2200.0 58159.152 57490.277
2250.0 63889.28 63220.555
2300.0 70239.06 69570.555
2350.0 77412.93 76744.73
2400.0 85514.52 84846.64
2450.0 94615.56 93948.0
2500.0 105132.55 104465.305
2550.0 116573.21 115906.3
2600.0 130356.664 129690.086
2650.0 145539.0 144872.78
2700.0 163620.33 162954.42
2750.0 183020.28 182354.5
2800.0 206367.72 205701.88
2850.0 231286.2 230620.14
2900.0 259729.61 259063.22
2950.0 289219.94 288553.16
3000.0 322360.12 321692.94
