# T(K) F_LW(W m-2) F_atm(W m-2)
200.0 81.7974 -16.057076
250.0 202.62901 104.54045
300.0 282.42877 180.49371
350.0 282.60736 177.10904
400.0 282.81165 176.66202
450.0 282.62714 176.47147
500.0 282.6299 176.46213
550.0 282.65707 176.48285
600.0 282.89716 176.72101
650.0 286.38986 180.21463
700.0 308.42267 202.25012
750.0 382.70578 276.53754
800.0 529.2913 423.12842
850.0 756.29364 650.1378
900.0 1068.6326 962.4856
950.0 1480.2535 1374.1167
1000.0 2001.1078 1894.9824
1050.0 2631.768 2525.5654
1100.0 3363.849 3257.4617
1150.0 4194.3804 4087.79
1200.0 5820.5327 5713.7617
1250.0 6808.666 6701.7466
1300.0 7833.4897 7726.476
1350.0 9031.52 8924.461
1400.0 10310.896 10203.82
1450.0 11772.347 11665.271
1500.0 13434.67 13327.609
1550.0 15259.679 15152.641
1600.0 17352.588 17245.574
1650.0 19561.125 19454.139
1700.0 21947.295 21840.338
1750.0 24425.236 24318.312
1800.0 27236.764 27129.863
1850.0 30142.543 30035.639
1900.0 33426.977 33320.05
1950.0 36801.094 36694.137
2000.0 40305.52 40198.523
2050.0 44192.184 44085.156
2100.0 48430.926 48323.887
2150.0 53046.293 52939.258
2200.0 58159.152 58052.13
2250.0 63762.957 63655.96
2300.0 70089.48 69982.516
2350.0 77240.75 77133.84
2400.0 85318.21 85211.35
2450.0 94615.56 94508.76
2500.0 104872.05 104765.29
2550.0 116573.21 116466.51
2600.0 130356.664 130250.016
2650.0 145539.0 145432.39
2700.0 163620.33 163513.78
2750.0 183020.28 182913.75
2800.0 206367.72 206261.17
2850.0 231286.2 231179.62
2900.0 259729.61 259622.98
2950.0 289219.94 289113.25
3000.0 322360.12 322253.38
