# T(K) F_LW(W m-2) F_atm(W m-2)
200.0 81.7974 -16.057076
250.0 202.62901 104.54045
300.0 282.42877 180.49371
350.0 282.60736 177.10904
400.0 282.5879 175.65231
450.0 282.63904 175.16687
500.0 282.68698 175.21558
550.0 282.5634 175.09283
600.0 282.62506 175.15628
650.0 282.64496 175.17834
700.0 282.67776 175.21423
750.0 282.71713 175.25797
800.0 282.5517 175.09814
850.0 282.62155 175.17496
900.0 282.56433 175.1258
950.0 282.7862 175.3566
1000.0 283.05722 175.63739
1050.0 285.4145 177.96979
1100.0 295.07248 187.56711
1150.0 323.52637 215.95602
1200.0 384.12253 276.49554
1250.0 483.4133 375.73877
1300.0 625.3575 517.6515
1350.0 808.72766 701.0078
1400.0 1041.9785 934.25305
1450.0 1328.837 1221.113
1500.0 1676.288 1568.5702
1550.0 2086.304 1978.5952
1600.0 2559.0334 2451.3347
1650.0 3093.478 2985.7898
1700.0 3685.0742 3577.3977
1750.0 4332.932 4225.2686
1800.0 5773.044 5665.3896
1850.0 6482.5674 6374.915
1900.0 7244.99 7137.333
1950.0 8081.941 7974.274
2000.0 9002.368 8894.6875
2050.0 10006.481 9898.791
2100.0 11108.768 11001.074
2150.0 12368.89 12261.197
2200.0 13676.063 13568.377
2250.0 15252.439 15144.762
2300.0 16907.334 16799.67
2350.0 18741.89 18634.244
2400.0 20767.926 20660.299
2450.0 23000.787 22893.18
2500.0 25545.197 25437.61
2550.0 28344.008 28236.44
2600.0 31443.688 31336.139
2650.0 35002.688 34895.156
2700.0 39292.832 39185.32
2750.0 43998.016 43890.516
2800.0 49484.312 49376.81
2850.0 55381.375 55273.86
2900.0 62419.633 62312.1
2950.0 69993.78 69886.234
3000.0 78880.8 78773.23
