# T(K) F_LW(W m-2) F_atm(W m-2)
200.0 5.6697884 -99.13293
250.0 5.6697884 -99.132904
300.0 5.6697884 -99.13093
350.0 5.6697884 -99.12038
400.0 5.66979 -99.07097
450.0 5.669835 -98.947655
500.0 5.6700983 -98.83734
550.0 5.670831 -98.77167
600.0 5.6728454 -98.74186
650.0 5.6790648 -98.74823
700.0 5.69825 -98.76807
750.0 5.75432 -98.75202
800.0 5.886783 -98.65417
850.0 6.139244 -98.46212
900.0 6.5752482 -98.11722
950.0 7.2515717 -97.535736
1000.0 8.2368765 -96.63542
1050.0 9.622349 -95.35622
1100.0 11.528162 -93.57659
1150.0 14.109169 -91.114395
1200.0 17.577253 -87.751045
1250.0 22.2386 -83.18028
1300.0 28.524132 -76.9728
1350.0 37.06248 -68.50185
1400.0 48.73376 -56.88906
1450.0 64.79668 -40.877388
1500.0 86.9789 -18.739983
1550.0 117.55194 11.793671
1600.0 159.63968 53.846603
1650.0 217.08516 111.26111
1700.0 294.3835 188.5318
1750.0 404.82986 298.9534
1800.0 556.02594 450.1272
1850.0 755.0751 649.1562
1900.0 1009.6461 903.7089
1950.0 1376.9941 1271.0404
2000.0 1847.4789 1741.5099
2050.0 2420.971 2314.974
2100.0 3208.5762 3102.5076
2150.0 4133.695 4027.559
2200.0 5195.8877 5089.696
2250.0 6561.741 6455.504
2300.0 8074.293 7968.024
2350.0 9924.877 9818.584
2400.0 12099.205 11992.895
2450.0 14581.962 14475.639
2500.0 17685.736 17579.406
2550.0 21032.596 20926.26
2600.0 25398.176 25291.834
2650.0 29935.057 29828.713
2700.0 35953.184 35846.836
2750.0 42115.176 42008.824
2800.0 50228.91 50122.56
2850.0 58599.145 58492.793
2900.0 69266.266 69159.914
2950.0 80600.85 80494.5
3000.0 94208.46 94102.11
