# T(K) F_LW(W m-2) F_atm(W m-2)
200.0 81.8224 -529.76953
250.0 202.65897 -410.3947
300.0 282.4614 -354.63278
350.0 282.63565 -376.72894
400.0 282.6167 -385.7308
450.0 282.70883 -389.6021
500.0 282.53925 -391.19318
550.0 282.54 -391.91852
600.0 282.548 -392.1373
650.0 282.54175 -392.14352
700.0 282.49942 -392.1842
750.0 282.5799 -392.09967
800.0 282.49863 -392.1751
850.0 282.58502 -392.0806
900.0 282.56213 -392.0934
950.0 282.52612 -392.1175
1000.0 282.5386 -392.09122
1050.0 282.65933 -391.98795
1100.0 282.65503 -392.05087
1150.0 282.7379 -392.01276
1200.0 282.58047 -392.19217
1250.0 282.583 -392.19815
1300.0 282.61923 -392.1643
1350.0 282.63318 -392.15103
1400.0 282.68967 -392.09473
1450.0 282.5794 -392.20502
1500.0 282.5788 -392.20554
1550.0 282.66815 -392.116
1600.0 282.80133 -391.9825
1650.0 282.755 -392.0284
1700.0 282.9498 -391.83295
1750.0 283.4924 -391.2894
1800.0 284.31113 -390.46964
1850.0 286.1551 -388.62518
1900.0 290.1267 -384.65372
1950.0 299.2746 -375.50647
2000.0 317.41235 -357.36957
2050.0 349.34433 -325.4382
2100.0 398.99414 -275.7886
2150.0 470.26306 -204.51962
2200.0 563.8227 -110.959656
2250.0 688.874 14.092346
2300.0 843.01154 168.23114
2350.0 1035.16 360.3819
2400.0 1267.6426 592.8675
2450.0 1549.4105 874.6396
2500.0 1909.8014 1235.0364
2550.0 2332.7307 1657.9734
2600.0 2872.3005 2197.553
2650.0 3481.4272 2806.692
2700.0 4298.2705 3623.552
2750.0 5200.8213 4526.111
2800.0 6371.8413 5697.133
2850.0 7653.8765 6979.164
2900.0 9274.495 8599.771
2950.0 10992.846 10318.109
3000.0 13088.783 12414.036
