# T(K) F_LW(W m-2) F_atm(W m-2)
200.0 79.88 -531.8323
250.0 197.58449 -414.11163
300.0 411.4899 -200.19577
350.0 762.338 150.65948
400.0 1298.1918 686.5196
450.0 2076.743 1465.0781
500.0 3158.4102 2546.7537
550.0 4622.5107 4010.862
600.0 6537.7373 5926.096
650.0 9019.831 8408.196
700.0 12137.757 11526.128
750.0 15987.898 15376.275
800.0 20738.13 20126.514
850.0 26478.963 25867.35
900.0 33234.35 32622.744
950.0 41361.234 40749.633
1000.0 50789.723 50178.125
1050.0 61780.035 61168.438
1100.0 74499.055 73887.46
1150.0 89084.84 88473.25
1200.0 105650.3 105038.7
1250.0 124335.73 123724.14
1300.0 145489.86 144878.28
1350.0 169247.08 168635.5
1400.0 195765.86 195154.28
1450.0 225531.3 224919.72
1500.0 258383.83 257772.27
1550.0 294681.5 294069.9
1600.0 334703.12 334091.53
1650.0 378505.28 377893.7
1700.0 426036.38 425424.78
1750.0 478902.4 478290.84
1800.0 536165.75 535554.2
1850.0 597922.56 597311.0
1900.0 664188.4 663576.8
1950.0 738030.0 737418.44
2000.0 817391.25 816779.7
2050.0 901395.25 900783.7
2100.0 993104.0 992492.44
2150.0 1091346.6 1090735.0
2200.0 1195174.4 1194562.8
2250.0 1309270.9 1308659.2
2300.0 1427860.0 1427248.4
2350.0 1557276.0 1556664.4
2400.0 1694905.4 1694293.8
2450.0 1840201.2 1839589.6
2500.0 1996189.6 1995578.0
2550.0 2156448.8 2155837.2
2600.0 2333804.2 2333192.8
2650.0 2514332.0 2513720.5
2700.0 2714041.2 2713429.8
2750.0 2915850.5 2915239.0
2800.0 3140515.5 3139904.0
2850.0 3368138.5 3367527.0
2900.0 3615199.5 3614588.0
2950.0 3867330.0 3866718.5
3000.0 4136974.5 4136363.0
