# T(K) F_LW(W m-2) F_atm(W m-2)
200.0 79.88 -17.993958
250.0 197.58449 99.71312
300.0 411.4899 313.6202
350.0 762.338 664.4694
400.0 1298.1918 1200.3242
450.0 2076.743 1978.8765
500.0 3158.4102 3060.5452
550.0 4622.5107 4524.647
600.0 6537.7373 6439.8745
650.0 9019.831 8921.969
700.0 12137.757 12039.896
750.0 15987.898 15890.039
800.0 20738.13 20640.273
850.0 26478.963 26381.105
900.0 33234.35 33136.492
950.0 41361.234 41263.375
1000.0 50789.723 50691.863
1050.0 61780.035 61682.18
1100.0 74499.055 74401.2
1150.0 89084.84 88986.99
1200.0 105650.3 105552.445
1250.0 124335.73 124237.875
1300.0 145489.86 145392.0
1350.0 169247.08 169149.22
1400.0 195765.86 195668.0
1450.0 225531.3 225433.44
1500.0 258383.83 258285.97
1550.0 294681.5 294583.66
1600.0 334703.12 334605.28
1650.0 378505.28 378407.44
1700.0 426036.38 425938.53
1750.0 478902.4 478804.56
1800.0 536165.75 536067.94
1850.0 597922.56 597824.75
1900.0 664188.4 664090.56
1950.0 738030.0 737932.2
2000.0 817391.25 817293.44
2050.0 901395.25 901297.44
2100.0 993104.0 993006.2
2150.0 1091346.6 1091248.8
2200.0 1195174.4 1195076.5
2250.0 1309270.9 1309173.0
2300.0 1427860.0 1427762.1
2350.0 1557276.0 1557178.1
2400.0 1694905.4 1694807.5
2450.0 1840201.2 1840103.4
2500.0 1996189.6 1996091.8
2550.0 2156448.8 2156350.8
2600.0 2333804.2 2333706.2
2650.0 2514332.0 2514234.0
2700.0 2714041.2 2713943.2
2750.0 2915850.5 2915752.5
2800.0 3140515.5 3140417.5
2850.0 3368138.5 3368040.5
2900.0 3615199.5 3615101.5
2950.0 3867330.0 3867232.0
3000.0 4136974.5 4136876.5
