# T(K) F_LW(W m-2) F_atm(W m-2)
200.0 81.25534 -539.11804
250.0 196.81491 -422.8317
300.0 404.19278 -214.9725
350.0 742.81116 123.960266
400.0 1261.7333 643.1054
450.0 2021.2102 1402.7236
500.0 3085.7056 2467.286
550.0 4537.1147 3918.7166
600.0 6445.83 5827.4263
650.0 8927.185 8308.749
700.0 12050.032 11431.545
750.0 15909.396 15290.849
800.0 20671.701 20053.092
850.0 26426.443 25807.775
900.0 33196.035 32577.318
950.0 41335.797 40717.04
1000.0 50774.137 50155.34
1050.0 61769.293 61150.414
1100.0 74487.1 73868.07
1150.0 89060.73 88441.5
1200.0 105600.234 104980.805
1250.0 124241.01 123621.375
1300.0 145323.17 144703.39
1350.0 168973.5 168353.64
1400.0 195343.08 194723.19
1450.0 224906.16 224286.27
1500.0 257496.16 256876.28
1550.0 293460.03 292840.2
1600.0 333064.4 332444.6
1650.0 376358.62 375738.88
1700.0 423286.4 422666.72
1750.0 475375.25 474755.62
1800.0 532290.7 531671.1
1850.0 593514.6 592895.2
1900.0 658843.4 658224.0
1950.0 732044.9 731425.6
2000.0 810120.3 809501.06
2050.0 892675.56 892056.3
2100.0 983364.0 982744.7
2150.0 1079490.0 1078870.6
2200.0 1181228.5 1180609.1
2250.0 1292551.2 1291932.0
2300.0 1409030.6 1408411.5
2350.0 1540566.5 1539947.9
2400.0 1676871.5 1676253.1
2450.0 1820894.5 1820276.5
2500.0 1975598.2 1974980.5
2550.0 2135123.0 2134505.5
2600.0 2310742.2 2310125.0
2650.0 2483485.0 2482867.8
2700.0 2680028.8 2679411.8
2750.0 2879794.5 2879177.5
2800.0 3101349.0 3100731.8
2850.0 3326419.5 3325802.0
2900.0 3569327.2 3568709.5
2950.0 3816804.8 3816186.5
3000.0 4070340.8 4069722.2
