# T(K) F_LW(W m-2) F_atm(W m-2)
200.0 76.81919 -582.46136
250.0 177.15643 -482.16968
300.0 337.98248 -321.67688
350.0 571.776 -88.37305
400.0 901.2406 240.72577
450.0 1365.1598 704.352
500.0 2014.8737 1353.9167
550.0 2923.7908 2262.7888
600.0 4165.8877 3504.8694
650.0 5855.321 5194.291
700.0 8075.281 7414.239
750.0 10930.117 10269.062
800.0 14583.481 13922.412
850.0 19139.715 18478.633
900.0 24636.318 23975.223
950.0 31401.342 30740.234
1000.0 39376.54 38715.42
1050.0 48789.504 48128.37
1100.0 59806.535 59145.38
1150.0 72504.75 71843.56
1200.0 86973.56 86312.34
1250.0 103322.97 102661.73
1300.0 121799.33 121138.06
1350.0 142466.94 141805.66
1400.0 165403.88 164742.6
1450.0 190958.17 190296.88
1500.0 218939.4 218278.11
1550.0 249531.08 248869.78
1600.0 282905.7 282244.38
1650.0 319040.6 318379.28
1700.0 357802.06 357140.75
1750.0 400201.16 399539.84
1800.0 445442.16 444780.84
1850.0 493582.56 492921.25
1900.0 544619.2 543957.9
1950.0 600206.7 599545.4
2000.0 659081.2 658419.9
2050.0 720666.94 720005.6
2100.0 786166.06 785504.75
2150.0 855294.75 854633.44
2200.0 927564.44 926903.1
2250.0 1004582.5 1003921.2
2300.0 1083856.5 1083195.1
2350.0 1168507.4 1167846.0
2400.0 1257027.9 1256366.5
2450.0 1349212.0 1348550.6
2500.0 1445460.6 1444799.4
2550.0 1543436.4 1542775.1
2600.0 1648754.4 1648093.1
2650.0 1755585.6 1754924.4
2700.0 1869849.2 1869188.0
2750.0 1985230.8 1984569.5
2800.0 2109767.0 2109105.8
2850.0 2235644.8 2234983.5
2900.0 2367803.5 2367142.2
2950.0 2501436.2 2500775.0
3000.0 2640974.5 2640313.0
