# T(K) F_LW(W m-2) F_atm(W m-2)
200.0 79.43446 -564.6315
250.0 187.44551 -455.52277
300.0 370.51135 -271.93268
350.0 652.0608 9.81189
400.0 1064.4443 422.3687
450.0 1655.7255 1013.774
500.0 2486.4543 1844.6619
550.0 3640.1433 2998.6106
600.0 5196.6577 4555.438
650.0 7277.934 6637.0225
700.0 9967.662 9327.031
750.0 13371.576 12731.202
800.0 17656.719 17016.578
850.0 22924.332 22284.408
900.0 29207.47 28567.748
950.0 36843.348 36203.816
1000.0 45768.02 45128.668
1050.0 56223.926 55584.72
1100.0 68378.2 67739.09
1150.0 82333.32 81694.29
1200.0 98194.74 97555.79
1250.0 116092.64 115453.77
1300.0 136320.55 135681.78
1350.0 158983.55 158344.9
1400.0 184206.25 183567.75
1450.0 212407.97 211769.6
1500.0 243435.19 242796.95
1550.0 277562.62 276924.53
1600.0 315033.62 314395.66
1650.0 355890.22 355252.38
1700.0 400059.94 399422.25
1750.0 448840.4 448202.84
1800.0 501431.5 500794.06
1850.0 557937.75 557300.44
1900.0 618398.75 617761.56
1950.0 685123.2 684486.1
2000.0 756574.2 755937.2
2050.0 832070.1 831433.25
2100.0 913663.1 913026.4
2150.0 1000803.7 1000167.06
2200.0 1092825.1 1092188.5
2250.0 1198625.4 1197988.9
2300.0 1308809.1 1308172.9
2350.0 1427141.9 1426505.8
2400.0 1561827.1 1561191.1
2450.0 1704230.9 1703595.0
2500.0 1846349.0 1845713.4
2550.0 2013693.9 2013058.5
2600.0 2178182.2 2177547.0
2650.0 2347120.5 2346485.5
2700.0 2534053.2 2533418.5
2750.0 2721657.5 2721022.8
2800.0 2900017.5 2899382.8
2850.0 3108174.0 3107539.2
2900.0 3331424.0 3330789.0
2950.0 3559593.8 3558958.8
3000.0 3800735.2 3800100.2
