# T(K) F_LW(W m-2) F_atm(W m-2)
200.0 81.25534 -18.004395
250.0 196.81491 97.67146
300.0 404.19278 305.12634
350.0 742.81116 643.79504
400.0 1261.7333 1162.7528
450.0 2021.2102 1922.2523
500.0 3085.7056 2986.7585
550.0 4537.1147 4438.171
600.0 6445.83 6346.8853
650.0 8927.185 8828.234
700.0 12050.032 11951.074
750.0 15909.396 15810.43
800.0 20671.701 20572.725
850.0 26426.443 26327.457
900.0 33196.035 33097.04
950.0 41335.797 41236.793
1000.0 50774.137 50675.13
1050.0 61769.293 61670.27
1100.0 74487.1 74388.06
1150.0 89060.73 88961.66
1200.0 105600.234 105501.125
1250.0 124241.01 124141.87
1300.0 145323.17 145224.0
1350.0 168973.5 168874.31
1400.0 195343.08 195243.89
1450.0 224906.16 224806.97
1500.0 257496.16 257396.97
1550.0 293460.03 293360.84
1600.0 333064.4 332965.25
1650.0 376358.62 376259.47
1700.0 423286.4 423187.25
1750.0 475375.25 475276.1
1800.0 532290.7 532191.56
1850.0 593514.6 593415.56
1900.0 658843.4 658744.3
1950.0 732044.9 731945.8
2000.0 810120.3 810021.25
2050.0 892675.56 892576.5
2100.0 983364.0 983264.94
2150.0 1079490.0 1079390.9
2200.0 1181228.5 1181129.4
2250.0 1292551.2 1292452.1
2300.0 1409030.6 1408931.5
2350.0 1540566.5 1540467.5
2400.0 1676871.5 1676772.5
2450.0 1820894.5 1820795.6
2500.0 1975598.2 1975499.4
2550.0 2135123.0 2135024.2
2600.0 2310742.2 2310643.5
2650.0 2483485.0 2483386.2
2700.0 2680028.8 2679930.0
2750.0 2879794.5 2879695.8
2800.0 3101349.0 3101250.2
2850.0 3326419.5 3326320.8
2900.0 3569327.2 3569228.2
2950.0 3816804.8 3816705.8
3000.0 4070340.8 4070241.8
