# P CFF_tot CFF_2 CFF_6 CFF_10
0.0016011128 4.533438688673867e-08 1.542157157530255e-08 0.00020097772357985377 2.592572172943619e-06
0.0008785046 5.3778073963260724e-08 1.8294239012561775e-08 0.00023867942218203098 3.076019083891879e-06
0.00077846757 6.379442709622128e-08 2.1701941577134676e-08 0.0002834393235389143 3.6496028315013973e-06
0.0006837007 7.567636080301774e-08 2.5744304466002177e-08 0.0003365730226505548 4.3301233745296486e-06
0.00059430685 8.977134594767357e-08 3.0539489159764344e-08 0.00039963904418982565 5.137509560881881e-06
0.00051409524 1.0649157104995887e-07 3.622763244948146e-08 0.00047448260011151433 6.09540029472555e-06
0.0004462523 1.2632599617364125e-07 4.297494626825937e-08 0.000563287059776485 7.231837116705719e-06
0.00039231157 1.4985465189330582e-07 5.097853872371161e-08 0.000668634136673063 8.580077519582119e-06
0.00035218676 1.7776560149342834e-07 6.04721677177622e-08 0.0007935734465718269 1.017956583382329e-05
0.0003248357 2.10875062435963e-07 7.173299110263542e-08 0.0009417040273547173 1.2077078281436116e-05
0.00030902395 2.501512755211823e-07 8.508965976261607e-08 0.0011172675294801593 1.4328084944281727e-05
0.000303826 2.9674281976265915e-07 1.0093180691228554e-07 0.001325255841948092 1.699835411272943e-05
0.00030879266 3.520122010060973e-07 1.1972130664616998e-07 0.0015715323388576508 2.0165851310594007e-05
0.0003238773 4.1757569654512543e-07 1.4200564635302726e-07 0.0018629698315635324 2.3922999389469624e-05
0.0003623686 4.953506209352283e-07 1.6846594519392966e-07 0.0022214953787624836 2.840976776496973e-05
0.00041544126 5.876113952297511e-07 1.9985107257980417e-07 0.002647792687639594 3.3737214835127816e-05
0.00048433305 6.970560593059276e-07 2.3707474383627414e-07 0.0031539180781692266 4.006195376859978e-05
0.00057026854 8.26885172342737e-07 2.8121962714067195e-07 0.0037540229968726635 4.756999260280281e-05
0.0006745151 9.808954087869066e-07 3.3356778317283897e-07 0.004464434925466776 5.648173828376457e-05
0.0007982547 1.1635905868927917e-06 3.956367322643928e-07 0.005303845275193453 6.705826672259718e-05
0.0009421357 1.3803133767135892e-06 4.692219022217614e-07 0.006293443031609058 7.960865332279354e-05
0.0011056429 1.6374015391635453e-06 5.564465368479432e-07 0.007456951774656773 9.449855861021206e-05
0.0012864433 1.942373265148371e-06 6.598195909646165e-07 0.00882050208747387 0.00011216029088245705
0.0015216392 2.3041470347526725e-06 7.824963859093259e-07 0.010477081872522831 0.00013328205386642367
0.0017973697 2.7333024259649645e-06 9.28025940538646e-07 0.012470101937651634 0.0001585157442605123
0.0020633684 3.2423894999339277e-06 1.1004366342604044e-06 0.014792507514357567 0.00018848715990316123
0.0022996485 3.8462958103036306e-06 1.3046187632426154e-06 0.017477918416261673 0.00022406992502510548
0.0026048853 4.562681769312636e-06 1.5475538930331822e-06 0.020849507302045822 0.00026734048151411116
0.0029150455 5.4124971023418245e-06 1.8366230278843432e-06 0.025032199919223785 0.00032004411332309246
0.00308232 6.4205934939161745e-06 2.1789448965137126e-06 0.029770392924547195 0.00038292998215183616
0.003149424 7.6164513411531065e-06 2.5840258786047343e-06 0.03501605987548828 0.00045788727584294975
0.003175517 9.03504186756576e-06 3.062945097553893e-06 0.04065278172492981 0.0005471235490404069
0.0031975934 1.0717849808557614e-05 3.628560307333828e-06 0.04647194594144821 0.0006532047991640866
0.003225742 1.2714086575643898e-05 4.295720373193035e-06 0.052150629460811615 0.0007790936506353319
0.0032582267 1.5082129376724558e-05 5.081467861600686e-06 0.05723866820335388 0.0009281825041398406
0.0032893077 1.789122837750834e-05 6.005213435855694e-06 0.061166901141405106 0.0011043146951124072
0.003321538 2.1223531827683868e-05 7.0911901275394484e-06 0.06352002173662186 0.0013134890468791127
0.003642125 2.5176488373876625e-05 8.486922524753027e-06 0.06916014105081558 0.0016812104731798172
0.004826971 2.9865696811741154e-05 1.8587707018014044e-05 0.09037091583013535 0.0025948446709662676
0.005834218 3.542828661428225e-05 4.014452133560553e-05 0.10121794044971466 0.003921799827367067
0.0066195684 4.20269280953219e-05 8.414630428887904e-05 0.09245676547288895 0.005806115921586752
0.007649845 4.9854589479845796e-05 0.0001718880666885525 0.06753932684659958 0.008683056570589542
0.008432155 5.9140179995230634e-05 0.0003386884636711329 0.029828811064362526 0.012638201005756855
0.009298328 7.015524400781995e-05 0.0006431040237657726 0.0067827096208930016 0.01781122013926506
0.010452673 8.322190196569696e-05 0.0011757670436054468 0.0006429623463191092 0.02416350692510605
0.011867406 9.872227036964019e-05 0.0020665547344833612 1.9198607333237305e-05 0.031332679092884064
0.01348862 0.00011710963624639999 0.003602151293307543 1.237020939015565e-07 0.038431428372859955
0.015261407 0.00013892171290645034 0.006117967423051596 1.0293890045920406e-10 0.04407991096377373
0.017099926 0.00016479636463267972 0.009968428872525692 5.587609537658234e-15 0.04653606936335564
0.018981574 0.00019549026014698773 0.01553425658494234 8.120180849633752e-21 0.04450687766075134
0.021236941 0.00023190100034984926 0.023546716198325157 9.973198910975297e-29 0.039166778326034546
0.023706814 0.0002750933674282568 0.0346074253320694 1.1223447816286044e-39 0.032285064458847046
0.026363995 0.00032633046295122217 0.048256054520606995 0.0 0.027430379763245583
0.029120907 0.0003871106455437592 0.06346840411424637 0.0 0.028497979044914246
0.03221361 0.00045921134833098705 0.08194976300001144 0.0 0.040769174695014954
0.034935456 0.0005447410575334477 0.09963461011648178 0.0 0.06358764320611954
0.03631836 0.0006462009722564068 0.11151309311389923 0.0 0.08832100033760071
0.036176063 0.0007665581486291507 0.1174074113368988 0.0 0.10635410249233246
0.034551147 0.000909332267294379 0.11246547847986221 0.0 0.10794150829315186
0.031829394 0.00107869856164398 0.0957803949713707 0.0 0.08842311799526215
0.028595285 0.0012796099167963436 0.07402458786964417 0.0 0.055069949477910995
0.0252196 0.0015179417099324562 0.04926607385277748 0.0 0.02406112290918827
0.021707337 0.001800663627647853 0.027871148660779 0.0 0.006625935435295105
0.018387707 0.0021360434848833572 0.013297611847519875 0.0 0.00104193901643157
0.015664445 0.00253388900583987 0.005113661289215088 0.0 7.967974670464173e-05
0.012965416 0.0030058346374286387 0.0015598587924614549 0.0 1.7571242096892092e-06
0.010639579 0.003565681782723172 0.0003559088509064168 0.0 7.583534689103999e-09
0.00917398 0.004229802404073777 5.882923869648948e-05 0.0 3.815253234867866e-12
0.008793977 0.005017617798704542 6.727698746544775e-06 0.0 1.0726394448365442e-16
0.0092823235 0.005952166547928764 5.060602461526287e-07 0.0 2.3907480495448517e-23
0.010410675 0.007060778248879206 2.407429988693366e-08 0.0 7.86574771481438e-33
0.01181904 0.008375872731114046 6.665891172374927e-10 0.0 0.0
0.013239503 0.009935908130092595 1.0300670906515652e-11 0.0 0.0
0.016136337 0.011786505542630102 7.967865462473606e-14 0.0 0.0
0.017826693 0.01398178315333876 2.1284693884859288e-17 0.0 0.0
0.017753704 0.016585938846753794 5.1375074478941356e-23 0.0 0.0
0.016119873 0.019675127586467098 1.9555600427412378e-31 0.0 0.0
0.015235256 0.023339688462647647 1.14906474074635e-43 0.0 0.0
0.016427241 0.027686786534900552 0.0 0.0 0.0
0.018905612 0.03284354672753814 0.0 0.0 0.0
0.02029641 0.03896077142373415 0.0 0.0 0.0
0.020885337 0.0462173504745064 0.0 0.0 0.0
0.017872626 0.054825492587195615 0.0 0.0 0.0
0.015761847 0.06503693107822499 0.0 0.0 0.0
0.018140137 0.07715028546887409 0.0 0.0 0.0
0.018791758 0.09151979420384454 0.0 0.0 0.0
0.017764919 0.10856567386900026 0.0 0.0 0.0
0.0149597535 0.12878640784940695 0.0 0.0 0.0
0.011159955 0.1527733237926297 0.0 0.0 0.0
0.0072839493 0.18122788617521907 0.0 0.0 0.0
0.0042526037 0.21498220966979198 0.0 0.0 0.0
0.002374587 0.25502339319800643 0.0 0.0 0.0
0.0013095875 0.30252238628545264 0.0 0.0 0.0
0.0010651263 0.3588682318754433 0.0 0.0 0.0
0.0012426972 0.4257086869858532 0.0 0.0 0.0
0.0018810577 0.5049984091044314 0.0 0.0 0.0
0.002776533 0.5990561174676737 0.0 0.0 0.0
0.003852962 0.7106324008264973 0.0 0.0 0.0
0.004877895 0.8429901546438712 0.0 0.0 0.0
0.0058867675 1.0 0.0 0.0 0.0
