# P CFF_tot CFF_2 CFF_6 CFF_10
4.470619e-09 6.538977083286893e-08 5.178900636198983e-24 2.1000568329405857e-15 4.376099482783502e-10
5.950929e-09 7.728236843972401e-08 6.893737910451544e-24 2.7954276839560564e-15 5.825112614488148e-10
7.921384e-09 9.133790187028873e-08 9.176376359468201e-24 3.721043265858927e-15 7.753909181396068e-10
1.0544292e-08 1.0794974955475478e-07 1.2214835852412499e-23 4.9531475553303995e-15 1.0321364873888683e-09
1.4035702e-08 1.275828346208698e-07 1.6259399866405717e-23 6.5932299225281155e-15 1.3738962190146253e-09
1.868317e-08 1.5078663690312616e-07 2.164318464020006e-23 8.776370946715455e-15 1.8288180969605605e-09
2.4869461e-08 1.7821057147789685e-07 2.880959784456758e-23 1.1682377511386139e-14 2.4343693727502114e-09
3.3104154e-08 2.1062216413038214e-07 3.834897091615595e-23 1.555062875073076e-14 3.2404317007461714e-09
4.4065516e-08 2.4892853243819906e-07 5.104703456011425e-23 2.069974881335323e-14 4.313397639066352e-09
5.8656237e-08 2.9420177367219936e-07 6.794953750228329e-23 2.755379712099989e-14 5.741630726419089e-09
7.807811e-08 3.47708970056925e-07 9.044872773251316e-23 3.6677349932135936e-14 7.642771748805899e-09
1.0393084e-07 4.109476511611941e-07 1.2039783199922887e-22 4.8821928758883276e-14 1.017341588749332e-08
1.3834345e-07 4.856877059204272e-07 1.602634164046648e-22 6.49877693976661e-14 1.3541972876396358e-08
1.8414988e-07 5.740209173010183e-07 2.1332866323836562e-22 8.650630938574627e-14 1.8025865244908346e-08
2.4512283e-07 6.784195059553065e-07 2.839645813564013e-22 1.1515014473623825e-13 2.399441179079531e-08
3.2628324e-07 8.018053213543158e-07 3.7798864759242955e-22 1.5327854003405195e-13 3.1939162425942413e-08
4.3431325e-07 9.476316168810905e-07 5.03143411824337e-22 2.0403160226872136e-13 4.2514283649097706e-08
5.7810803e-07 1.1199796975603297e-06 6.6973644618410345e-22 2.7158993370218765e-13 5.659067525698447e-08
7.6950573e-07 1.3236731453470756e-06 8.914873418562941e-22 3.615183510625314e-13 7.532744916716183e-08
1.0242585e-06 1.5644128188481198e-06 1.1866537985539317e-21 4.812230800475825e-13 1.0026705865584518e-07
1.3633289e-06 1.8489364057730425e-06 1.5795374274579313e-21 6.405631775875664e-13 1.3346242155876098e-07
1.8146129e-06 2.1852069935798878e-06 2.1024853122146994e-21 8.526638054472124e-13 1.776459299662747e-07
2.4152182e-06 2.5826359359255322e-06 2.7985400262195994e-21 1.1349937916599329e-12 2.364529620990652e-07
3.214498e-06 3.05234625238266e-06 3.724974436291713e-21 1.5108033097135931e-12 3.147200686726137e-07
4.2780975e-06 3.6074839333077074e-06 4.958008712233826e-21 2.0110467111034147e-12 4.188826494555542e-07
5.6932804e-06 4.263585862486789e-06 6.599042959072401e-21 2.6769244373253676e-12 5.574997885560151e-07
7.5759826e-06 5.039014654773427e-06 8.78293427384129e-21 3.563267302747475e-12 7.419504868266813e-07
1.0080193e-05 5.955472578711327e-06 1.1689044332351688e-20 4.743065315504502e-12 9.873620001599193e-07
1.3410273e-05 7.038608947521963e-06 1.5555835815050063e-20 6.31347404911331e-12 1.3138335361873033e-06
1.7837101e-05 8.318737977777133e-06 2.0700164132983974e-20 8.403790684174961e-12 1.748049271554919e-06
2.3719265e-05 9.831687206784646e-06 2.754281380193716e-20 1.1186081574909856e-11 2.3254065126820933e-06
3.15307e-05 1.1619800213719694e-05 3.6642336914948915e-20 1.4889386598659904e-11 3.092821089012432e-06
4.189613e-05 1.373312170810172e-05 4.873920390750912e-20 1.9818473251387303e-11 4.1123666960629635e-06
5.5636232e-05 1.6230798153212067e-05 6.481364642371299e-20 2.6378798451132113e-11 5.465994490805315e-06
7.382476e-05 1.918273312431937e-05 8.61613556514196e-20 3.5109876811434404e-11 7.261641712830169e-06
9.785815e-05 2.267154373095551e-05 1.1449070189362105e-19 4.6729387720434445e-11 9.64093669608701e-06
0.00012953782 2.6794872858497626e-05 1.5204648531172432e-19 6.219166154286526e-11 1.2788764252036344e-05
0.00017116273 3.166812194278371e-05 2.017656752940843e-19 8.276540564011725e-11 1.6944868548307568e-05
0.0002256245 3.742768076113383e-05 2.674689027678098e-19 1.1013696898931613e-10 2.2417334548663348e-05
0.0002964856 4.42347446333665e-05 3.5408456152128e-19 1.4654601143693213e-10 2.9596885724458843e-05
0.00038800936 5.227982586650317e-05 4.678975569239758e-19 1.9496457226431119e-10 3.896999987773597e-05
0.00055913825 6.178808570695898e-05 4.079235814131274e-18 4.1970263375823436e-10 6.652912270510569e-05
0.0009514213 7.302563602792401e-05 1.0456675996902521e-16 1.632213586511e-09 0.0001658720284467563
0.0015887092 8.630698712004647e-05 2.6725401439684025e-15 5.970434813207248e-09 0.00039630854735150933
0.0026092995 0.00010200385003002931 1.0367486085122515e-13 2.2748974259911847e-08 0.0009406027384102345
0.004153927 0.00012055553980208392 1.9680886694656285e-12 7.802889712138494e-08 0.002108674729242921
0.0063716746 0.00014248127078236002 2.8535295654164017e-11 2.484114247636171e-07 0.004485794343054295
0.009407427 0.00016839468810047394 6.474006886136863e-10 8.015824164431251e-07 0.009284870699048042
0.013223603 0.0001990210420271365 9.408689827239414e-09 2.450119836794329e-06 0.01822003535926342
0.017563889 0.00023521748587422204 9.945075873929454e-08 6.995373041718267e-06 0.03341245651245117
0.022014203 0.00027799706552358405 1.0933414387181983e-06 1.936626540555153e-05 0.057305220514535904
0.02603873 0.00032855707199017125 1.2039300600008573e-05 5.3096744522918016e-05 0.09131018817424774
0.02897359 0.00038831255053516604 8.952222560765222e-05 0.000136736809508875 0.13029064238071442
0.030390287 0.00045893590416351375 0.000520197325386107 0.0003344812721479684 0.16272187232971191
0.030260528 0.0005424036999064432 0.0035721505992114544 0.000816285377368331 0.17450903356075287
0.02884004 0.0006410519878771097 0.016197465360164642 0.0018903318559750915 0.15135549008846283
0.026745904 0.0007576416813382288 0.05183994024991989 0.004148783162236214 0.09993003308773041
0.024554573 0.0008954358276025787 0.1403476893901825 0.008805578574538231 0.046780265867710114
0.022413146 0.0010582909323812288 0.26747778058052063 0.017936455085873604 0.01402120478451252
0.020281352 0.0012507648935144125 0.2890358865261078 0.03421549126505852 0.0023452825844287872
0.019924177 0.0014782445648741233 0.17153999209403992 0.07111988216638565 0.0001856918097473681
0.021022502 0.0017470965206257672 0.05412088707089424 0.13373126089572906 4.242265276843682e-06
0.022822972 0.002064845239354947 0.0051367138512432575 0.2032819390296936 1.5848856449451887e-08
0.025069742 0.0024403836949773543 0.00010826555808307603 0.2332819104194641 4.5529916642417234e-12
0.028319556 0.002884222248332667 3.475699941191124e-07 0.18429596722126007 3.411432474256085e-17
0.03278278 0.003408782805301578 7.346800945384757e-11 0.08554470539093018 1.4201270244938828e-24
0.038131114 0.004028746474179291 3.5871440328591713e-16 0.018865570425987244 3.675420999178116e-35
0.044124376 0.004761464452346101 1.0348898977082547e-23 0.0014838107163086534 0.0
0.05133038 0.005627443641902042 2.686823075488435e-34 2.7708312700269744e-05 0.0
0.057830162 0.006650920585405191 0.0 6.573867494807928e-08 0.0
0.068033084 0.007860539784706841 0.0 7.732535098337046e-12 0.0
0.055996917 0.009290155387292859 0.0 2.8417684478731165e-18 0.0
0.027136482 0.010979778677281431 0.0 1.679509013562212e-28 0.0
0.0060016965 0.012976697888926681 0.0 1.961817850054744e-44 0.0
0.0004752626 0.015336801683343964 0.0 0.0 0.0
9.130662e-05 0.018126143329185374 0.0 0.0 0.0
0.000113920694 0.021422789364681585 0.0 0.0 0.0
0.00011652277 0.025319004480372248 0.0 0.0 0.0
8.1168626e-05 0.029923833771804353 0.0 0.0 0.0
2.9243805e-05 0.035366154632846515 0.0 0.0 0.0
9.2900555e-06 0.041798283704307326 0.0 0.0 0.0
1.4255881e-05 0.049400239827123854 0.0 0.0 0.0
2.5013851e-05 0.05838478230927623 0.0 0.0 0.0
3.255987e-05 0.06900336551463335 0.0 0.0 0.0
2.6931251e-05 0.08155317642744023 0.0 0.0 0.0
1.2895381e-05 0.09638545215587696 0.0 0.0 0.0
8.2934475e-06 0.11391531016034086 0.0 0.0 0.0
1.9571185e-05 0.13463336632939613 0.0 0.0 0.0
4.770908e-05 0.15911946606362218 0.0 0.0 0.0
0.00011547527 0.1880589126652775 0.0 0.0 0.0
0.00030094833 0.2222616472248954 0.0 0.0 0.0
0.00071445294 0.2626849168007812 0.0 0.0 0.0
0.0013978393 0.3104600653157776 0.0 0.0 0.0
0.0025332232 0.3669241969799704 0.0 0.0 0.0
0.0045343265 0.43365759841755047 0.0 0.0 0.0
0.008257589 0.5125279668474502 0.0 0.0 0.0
0.014898928 0.6057426821513986 0.0 0.0 0.0
0.026399313 0.7159105857908863 0.0 0.0 0.0
0.045542203 0.8461149956069126 0.0 0.0 0.0
0.077127375 1.0 0.0 0.0 0.0