# P CFF_tot CFF_2 CFF_6 CFF_10
9.105305e-12 4.555203652040741e-08 0. 3.892972938157809e-18 0.
1.1548904e-11 5.4033647454398166e-08 0. 5.351098384235153e-18 0.
1.4586806e-11 6.409450115184612e-08 0. 7.371191726917241e-18 0.
1.8355607e-11 7.602864643500237e-08 0. 1.0172860733440472e-17 0.
2.302217e-11 9.01848828660726e-08 0. 1.4062091920097397e-17 0.
2.8790142e-11 1.0697695512073184e-07 0. 1.9465268768518276e-17 0.
3.5907905e-11 1.2689564551409218e-07 0. 2.6976690770320407e-17 0.
4.467813e-11 1.5052311810768222e-07 0. 3.742476772844707e-17 0.
5.5469417e-11 1.7854993363301106e-07 0. 5.1964392670532557e-17 0.
6.8730334e-11 2.1179523252731228e-07 0. 7.220568093071746e-17 0.
8.500642e-11 2.5123067597155856e-07 0. 1.0039356098680128e-16 0.
1.0496075e-10 2.9800884465606164e-07 0. 1.396581173639092e-16 0.
1.2939878e-10 3.5349692528508985e-07 0. 1.9436368732276898e-16 0.
1.5957344e-10 4.1931666937681495e-07 0. 2.7059550114024334e-16 0.
2.0936464e-10 4.97391792235431e-07 0. 3.768383143187582e-16 0.
2.721651e-10 5.900041974263891e-07 0. 5.249219875230141e-16 0.
3.5109304e-10 6.998606700288868e-07 0. 7.313398404228285e-16 0.
4.4997672e-10 8.301719879109706e-07 0. 1.01908651466533e-15 0.
5.735107e-10 9.847467632144645e-07 0. 1.4202181309580356e-15 0.
7.2744566e-10 1.168102756757146e-06 0. 1.979421553559681e-15 0.
9.1881897e-10 1.385598918740982e-06 0. 2.7589879030487027e-15 0.
1.1562342e-09 1.643592014923506e-06 0. 3.845739644705443e-15 0.
1.4501998e-09 1.9496224159693475e-06 0. 5.360684752407597e-15 0.
1.8553852e-09 2.3126344800519475e-06 0. 7.47246536837113e-15 0.
2.3943731e-09 2.7432379698332473e-06 0. 1.0382688463053246e-14 0.
3.0856835e-09 3.254018144261949e-06 0. 1.4286879310349866e-14 0.
3.9338466e-09 3.859903588251087e-06 0. 1.914088292975357e-14 0.
5.128683e-09 4.578602530802073e-06 0. 2.5644733935687412e-14 0.
6.7713777e-09 5.431120403855914e-06 0. 3.435931213483477e-14 0.
8.847662e-09 6.442373768577103e-06 0. 4.603622035448049e-14 0.
1.14618475e-08 7.641918552308985e-06 0. 6.168257907484404e-14 0.
1.4741941e-08 9.06481388040026e-06 0. 8.264793878573137e-14 0.
1.884479e-08 1.075264675013704e-05 0. 1.1074066739568539e-13 0.
2.3962295e-08 1.2754747494951052e-05 0. 1.4838399064152907e-13 0.
3.0328867e-08 1.5129631563306654e-05 0. 1.9882496528084853e-13 0.
3.8230397e-08 1.794670975117436e-05 0. 2.6641435910655653e-13 0.
4.8210225e-08 2.1288316873098006e-05 0. 3.5698158838692873e-13 0.
6.2364364e-08 2.5252118163875364e-05 0. 4.783373675452951e-13 0.
8.0075935e-08 2.9953963742814495e-05 0. 6.410067246963302e-13 0.
1.0818306e-07 3.553127456806375e-05 0. 2.1491324345146445e-12 0.
1.4779677e-07 4.2147058842387175e-05 0. 9.118089963622289e-12 0.
2.066449e-07 4.999467625797723e-05 0. 3.414302521265178e-11 0.
2.861235e-07 5.9303489325007025e-05 0. 1.175804870134911e-10 0.
3.9281989e-07 7.03455669554428e-05 0. 4.2108516673522445e-10 0.
5.3545324e-07 8.344363622792781e-05 0. 1.3884278171616415e-09 0.
7.254035e-07 9.898051474016887e-05 0. 4.254756991173281e-09 0.
9.774683e-07 0.00011741029922842435 0. 1.3029501033656743e-08 0.
1.3113444e-06 0.0001392716374641539 0. 3.835352657688418e-08 0.
1.7535161e-06 0.00016520347132588609 0. 1.059709546780141e-07 0.
2.339869e-06 0.00019596371116945772 0. 2.8558326903294073e-07 0.
3.1430616e-06 0.00023245138729290968 0. 7.592940960421402e-07 0.
4.241632e-06 0.0002757329259174582 0. 1.9118715499644168e-06 0.
5.756373e-06 0.00032707331765329325 0. 4.6365307753148954e-06 0.
7.929744e-06 0.00038797308941173003 0. 1.1243827430007514e-05 0.
1.1098933e-05 0.0004602121603427185 0. 2.60259384958772e-05 0.
1.5941318e-05 0.0005459018635762858 0. 5.7988592743640766e-05 0.
2.392459e-05 0.0006475466542086483 0. 0.00012855138629674911 0.
3.7419948e-05 0.0007681173070738535 0. 0.0002779889036901295 0.
6.0817856e-05 0.0009111377436540377 0. 0.0005869700689800084 0.
0.0001025773 0.0010807880258205795 0. 0.0012179017066955566 0.
0.00017659814 0.0012820265266068032 0. 0.0024615719448775053 0.
0.00030433078 0.0015207348487004397 0. 0.004802648443728685 0.
0.00051993155 0.0018038897261922493 0. 0.009074434638023376 0.
0.0008766312 0.002139766933757522 0. 0.016675330698490143 0.
0.0014288513 0.0025381831629291665 0. 0.029234251007437706 0.
0.0022382787 0.003010782934786275 0. 0.04861845821142197 0.
0.0033624049 0.003571378934662497 0. 0.07635422050952911 0.
0.004707023 0.004236355715845209 0. 0.1090126633644104 0.
0.006141436 0.005025148571323573 0. 0.14015629887580872 0.
0.0075550606 0.005960811569582092 0. 0.15967118740081787 0.
0.008910444 0.007070691356435893 0. 0.15631535649299622 0.
0.010270333 0.008387226416130829 0. 0.12492768466472626 0.
0.011826619 0.00994889515173262 0. 0.07657579332590103 0.
0.013738873 0.011801340494374101 0. 0.03316877782344818 0.
0.016084937 0.013998703910343186 0. 0.009145738556981087 0.
0.018795226 0.01660520779507014 0. 0.0013916883617639542 0.
0.021803485 0.019697032502682496 0. 9.701789531391114e-05 0.
0.025164284 0.02336454287111747 0. 2.4216785732278368e-06 0.
0.028989522 0.02771492931749699 0. 1.5449334256345537e-08 0.
0.033488594 0.03287534069512557 0. 1.5892287485996803e-11 0.
0.038865536 0.03899660047620098 0. 1.4060911037054916e-15 0.
0.045147654 0.046257614873202485 0. 4.5583685969616914e-21 0.
0.05206545 0.054870601735230444 0. 1.7081164158442753e-28 0.
0.0590221 0.0650872930443816 0. 1.5562938453862422e-38 0.
0.065127306 0.07720629229267585 0. 0.0 0.
0.06918344 0.09158180177377395 0. 0.0 0.
0.06979057 0.10863397486225977 0. 0.0 0.
0.065300025 0.12886119584681088 0. 0.0 0.
0.055280276 0.15285464622024894 0. 0.0 0.
0.040894777 0.18131558315579377 0. 0.0 0.
0.026120095 0.21507583516797635 0. 0.0 0.
0.015594908 0.25512211398540435 0. 0.0 0.
0.01105643 0.30262485319909527 0. 0.0 0.
0.011004311 0.35897241655426815 0. 0.0 0.
0.01254906 0.42581167569219364 0. 0.0 0.
0.01574738 0.5050961433087807 0. 0.0 0.
0.020499585 0.599143068518921 0. 0.0 0.
0.026924536 0.7107011631542339 0. 0.0 0.
0.035723686 0.8430309384324126 0. 0.0 0.
0.047438 1.0 0. 0.0 0.
